30002
30004
30005
30006
30007
30008
30009
30011
30012
30013
30014
30016
30017
30019
30021
30022
30024
30025
30026
30028
30029
30030
30031
30032
30033
30034
30035
30038
30039
30040
30041
30042
30043
30044
30045
30046
30047
30048
30052
30054
30055
30056
30058
30060
30062
30064
30066
30067
30068
30070
30071
30072
30075
30076
30077
30078
30079
30080
30081
30082
30083
30084
30085
30087
30088
30092
30093
30094
30096
30097
30101
30102
30103
30104
30105
30106
30107
30108
30110
30111
30112
30113
30114
30115
30116
30117
30120
30121
30122
30124
30125
30126
30127
30132
30134
30135
30137
30141
30143
30144
30145
30147
30152
30153
30157
30161
30164
30165
30168
30170
30171
30173
30175
30176
30177
30178
30179
30180
30183
30184
30185
30187
30188
30189
30204
30205
30206
30213
30214
30215
30217
30220
30222
30223
30224
30228
30230
30233
30234
30236
30238
30240
30241
30248
30252
30253
30257
30258
30259
30260
30263
30265
30268
30269
30273
30274
30276
30277
30281
30286
30287
30288
30290
30291
30292
30293
30294
30295
30296
30297
30301
30303
30304
30305
30306
30307
30308
30309
30310
30311
30312
30313
30314
30315
30316
30317
30318
30319
30321
30322
30324
30325
30326
30327
30328
30329
30331
30332
30333
30334
30336
30337
30338
30339
30340
30341
30342
30343
30344
30345
30346
30348
30349
30350
30354
30355
30357
30360
30361
30363
30401
30410
30413
30415
30417
30420
30421
30425
30427
30428
30436
30439
30441
30442
30445
30446
30450
30453
30456
30457
30458
30461
30464
30467
30471
30474
30477
30501
30504
30506
30507
30510
30511
30512
30513
30517
30518
30519
30520
30521
30522
30523
30525
30527
30528
30529
30530
30531
30533
30534
30535
30536
30540
30542
30543
30546
30547
30548
30549
30553
30554
30555
30557
30558
30559
30560
30563
30564
30566
30567
30572
30575
30576
30577
30582
30601
30604
30605
30606
30607
30619
30620
30621
30622
30623
30624
30625
30627
30628
30629
30630
30633
30634
30635
30639
30641
30642
30643
30646
30650
30655
30656
30660
30662
30663
30666
30673
30677
30680
30683
30701
30705
30707
30710
30711
30720
30721
30725
30728
30731
30734
30735
30736
30738
30739
30740
30741
30742
30747
30750
30752
30755
30757
30803
30805
30808
30809
30813
30814
30815
30816
30817
30821
30823
30824
30828
30830
30833
30901
30904
30906
30907
30909
31001
31002
31005
31006
31008
31010
31012
31014
31015
31019
31021
31023
31024
31027
31028
31029
31030
31031
31032
31033
31034
31036
31037
31038
31044
31046
31047
31049
31052
31054
31055
31057
31058
31060
31061
31063
31064
31065
31067
31068
31069
31070
31072
31076
31078
31079
31082
31085
31087
31088
31090
31092
31093
31094
31095
31096
31098
31119
31126
31146
31201
31204
31206
31210
31211
31216
31217
31220
31301
31302
31303
31305
31307
31308
31310
31312
31313
31314
31316
31318
31320
31321
31322
31323
31324
31326
31328
31329
31331
31333
31401
31402
31404
31405
31406
31407
31408
31409
31410
31411
31415
31419
31501
31503
31510
31513
31516
31519
31520
31522
31523
31525
31533
31535
31537
31539
31543
31545
31546
31548
31551
31552
31553
31554
31555
31557
31558
31560
31562
31565
31566
31569
31601
31602
31603
31604
31605
31606
31620
31622
31625
31626
31629
31632
31635
31636
31637
31638
31639
31641
31642
31643
31645
31647
31649
31650
31701
31704
31705
31707
31709
31711
31712
31714
31719
31720
31721
31730
31733
31735
31738
31749
31750
31757
31763
31768
31771
31773
31775
31778
31779
31780
31783
31787
31788
31790
31791
31792
31793
31794
31796
31801
31803
31804
31805
31806
31807
31808
31811
31812
31815
31816
31820
31822
31823
31824
31825
31826
31827
31829
31830
31831
31833
31901
31903
31904
31906
31907
31909
39813
39815
39817
39819
39823
39828
39834
39837
39840
39842
39845
39854
39866
39885
39886
39897